1 0 63 1 1 1 1
-9 4 140 0 260 0 0 0
0 -9 0 1 1 22 85 0
0 1 0 0 5 4.5 -9 5
112 62 160 90 140 80 1 0
3 2 20 19 -9 -9 0 -9
-9 -9 -9 -9 -9 -9 -9 2
27 85 2 1 1 2 1 1
1 1 1 2 1 1 1 1
1 1 0.7 5.5 name
2 0 44 1 1 1 1
-9 4 130 0 209 0 20 10
0 1 0 1 7 23 84 0
0 1 0 0 5 2.5 -9 2
127 73 150 80 130 70 0 0
0 -9 -9 -9 -9 -9 -9 -9
-9 -9 -9 -9 -9 -9 -9 7
31 84 0 1 1 1 1 1
1 1 1 1 1 1 1 1
1 1 0.5 -9. name
3 0 60 1 1 1 1
-9 4 132 1 218 1 40 40
0 -9 0 1 6 12 84 0
0 1 0 -9 5 6 -9 6
140 68 210 110 132 80 1 0
1.5 3 21 20 -9 -9 -9 -9
-9 -9 -9 -9 -9 -9 -9 7
30 84 2 1 1 1 1 2
1 2 1 2 1 1 1 1
7 2 0.52 4.1 name
4 0 55 1 1 1 1
-9 4 142 0 228 1 20 30
0 -9 0 1 9 7 84 0
0 0 0 0 5 8.2 8 10
149 60 195 100 142 80 1 0
2.5 1 10 12 -9 -9 -9 -9
-9 -9 -9 -9 -9 -9 -9 9
14 84 1 1 1 1 1 2
1 1 1 1 1 1 1 1
1 1 0.73 6.5 name
5 0 66 1 1 0 0
-9 3 110 1 213 0 20 8
1 1 1 2 4 25 86 1
1 1 0 0 5 7.5 7.5 7
99 66 155 60 110 70 1 0
1.3 2 15 16 -9 -9 -9 -9
-9 -9 -9 -9 -9 -9 -9 5
3 86 0 1 1 1 1 1
1 1 1 1 1 1 1 1
1 1 0.73 8 name
6 0 66 1 1 0 1
-9 3 120 1 0 1 40 50
0 -9 1 1 10 23 84 0
0 1 1 1 5 6.5 6.5 6
120 52 160 80 120 80 0 0
-0.5 1 16 27 -9 -9 -9 -9
-9 -9 -9 2 0 -9 -9 1
10 85 0 1 1 1 1 1
1 1 1 1 1 1 1 1
1 1 0.76 4.2 name
7 0 65 1 1 1 1
-9 4 150 1 236 0 20 40
1 1 1 1 4 3 85 0
1 1 1 0 5 5 -9 4
105 59 185 100 150 80 1 0
0 -9 14 20 -9 -9 -9 -9
-9 -9 -9 -9 -9 -9 -9 4
12 85 3 1 1 2 2 2
1 1 1 2 2 1 1 1
7 1 0.42 -9. name
8 0 60 1 1 0 0
-9 3 180 1 0 1 20 40
0 -9 0 1 2 1 85 0
1 1 0 -9 5 8 4.5 8
140 84 200 120 180 90 1 0
1.5 2 22 24 -9 -9 -9 -9
-9 -9 -9 -9 -9 -9 -9 2
5 85 0 1 1 1 1 1
1 1 1 1 1 1 1 1
1 1 0.74 -9. name
9 0 60 1 1 0 1
-9 3 120 0 0 1 40 30
-9 -9 0 0 10 29 84 0
0 1 1 0 5 4 -9 4
141 91 170 90 120 70 1 0
2 1 11 11 -9 -9 -9 -9
-9 -9 -9 -9 -9 -9 -9 12
12 84 3 1 1 2 1 2
1 1 1 2 1 1 1 1
1 1 0.74 6 name
10 0 60 1 0 0 0
-9 2 160 1 267 0 20 15
1 1 0 1 8 24 84 0
1 1 0 -9 5 7 -9 6
157 72 210 100 160 70 0 0
0.5 2 11 11 -9 -9 -9 -9
-9 -9 -9 -9 -9 -9 -9 8
27 84 1 1 1 1 1 2
1 1 1 1 1 1 1 1
1 1 0.7 6.9 name
11 0 56 1 1 0 0
-9 2 126 1 166 0 20 30
0 -9 1 1 3 6 85 1
0 0 0 -9 5 10.5 -9 10
140 80 156 70 126 60 0 0
0 -9 6 7 -9 -9 -9 0.52
1 -9 -9 -9 -9 -9 -9 3
7 85 0 1 1 1 1 1
1 1 1 1 1 1 1 1
1 2 0.5 4.4 name
12 0 59 1 1 1 1
-9 4 140 1 0 -9 20 45
0 -9 1 1 11 20 84 0
1 1 0 -9 5 6.5 6 6
117 65 180 80 140 70 1 0
1 2 7 6 -9 -9 -9 -9
-9 -9 -9 -9 -9 -9 -9 11
30 84 1 1 1 1 1 1
1 1 1 2 1 1 1 1
1 1 0.74 -9. name
13 0 62 1 1 1 1
-9 4 110 0 0 -9 50 40
0 -9 0 0 7 12 84 0
0 0 1 0 5 9.3 -9 8
120 65 170 80 110 70 1 0
0.5 2 16 18 -9 -9 -9 -9
-9 -9 -9 3 0 -9 -9 7
27 84 1 1 1 1 1 1
1 1 1 2 1 1 1 1
1 1 0.75 -9. name
14 0 63 1 1 0 1
-9 3 -9 -9 0 0 10 3
0 -9 1 2 -9 -9 -9 -9
-9 -9 -9 -9 -9 -9 -9 -9
-9 -9 -9 -9 -9 -9 -9 -9
-9 -9 -9 -9 -9 -9 -9 -9
-9 -9 -9 -9 -9 -9 -9 2
15 85 1 1 2 1 1 1
1 1 1 1 1 1 1 1
5 1 0.58 5.3 name
15 0 57 1 1 1 1
-9 4 128 0 0 -9 20 -9
1 -9 -9 1 2 8 85 0
1 0 0 -9 5 10.3 -9 10
148 61 184 84 128 78 1 0
1 2 14 17 -9 -9 -9 -9
-9 -9 -9 -9 -9 -9 -9 2
12 85 1 1 1 1 1 1
1 1 1 2 2 1 1 1
1 1 0.67 -9. name
16 0 62 1 1 1 1
-9 4 120 1 220 0 -9 -9
0 -9 0 1 7 25 84 0
1 1 0 -9 5 2 -9 2
86 62 160 90 120 90 0 0
0 -9 17 21 -9 -9 -9 -9
-9 -9 -9 -9 -9 -9 -9 7
26 84 0 1 1 1 2 1
1 1 1 1 1 1 1 1
1 1 0.6 -9. name
17 0 63 1 0 1 1
-9 4 170 0 177 1 10 40
0 -9 1 0 4 1 85 -9
-9 -9 -9 -9 5 3 -9 2
84 74 170 90 170 90 1 0
2.5 3 25 11 -9 -9 -9 -9
-9 -9 -9 -9 -9 -9 -9 4
8 85 4 2 2 1 1 2
1 2 1 1 1 1 1 1
3 1 0.63 -9. name
18 0 46 1 1 1 1
-9 4 110 0 236 1 40 20
0 -9 1 0 10 17 84 0
0 0 0 0 5 6.5 -9 5
125 67 140 70 110 70 1 0
2 2 21 19 -9 -9 -9 -9
-9 -9 -9 -9 -9 -9 -9 11
5 84 1 1 1 1 1 1
1 1 1 2 1 1 1 1
1 1 0.54 4.4 name
19 0 63 1 1 1 1
-9 4 126 0 0 0 0 0
0 -9 0 1 4 1 85 0
0 1 0 -9 5 6.3 -9 7
120 80 190 90 126 70 0 0
1.5 3 25 26 -9 -9 -9 -9
-9 -9 -9 -9 -9 -9 -9 4
11 85 0 1 1 1 1 1
1 1 1 1 1 1 1 1
1 1 0.58 5.2 name
20 0 60 1 1 1 1
-9 4 152 1 0 0 0 0
0 -9 0 1 9 26 84 0
1 0 0 -9 5 6.5 -9 5
118 58 164 96 152 94 1 0
0 -9 20 20 -9 -9 -9 -9
-9 -9 -9 7 2 -9 -9 10
11 84 0 1 1 1 1 1
1 1 1 1 1 1 1 1
1 1 0.84 11.3 name
21 0 58 1 1 1 1
-9 4 116 1 0 0 20 40
0 -9 1 0 10 5 84 0
1 0 1 0 5 11.3 11.3 10
124 84 180 90 116 80 0 0
1 1 10 11 -9 -9 -9 -9
-9 -9 -9 -9 -9 -9 -9 1
3 85 2 1 2 1 1 2
1 1 1 1 1 1 1 1
1 1 0.79 -9. name
22 0 64 1 1 1 1
-9 4 120 0 0 0 0 0
1 -9 0 1 10 17 84 0
1 0 1 -9 5 7 -9 6
106 64 148 90 120 70 0 0
2 2 12 15 -9 -9 -9 -9
-9 -9 -9 -9 -9 -9 -9 11
2 84 1 1 1 1 1 1
1 1 1 2 1 1 1 1
1 1 0.68 5.8 name
23 0 63 1 1 0 1
-9 3 130 1 0 0 50 -9
0 -9 1 1 3 1 85 0
0 1 1 -9 5 5.2 -9 5
111 71 170 90 130 80 1 0
0 -9 25 26 -9 -9 -9 -9
-9 -9 -9 -9 -9 -9 -9 3
4 85 3 1 2 1 1 2
1 2 2 2 1 1 1 1
1 1 0.82 3.4 name
24 0 74 1 1 0 1
-9 3 -9 0 0 1 15 40
0 -9 0 0 -9 -9 -9 -9
-9 -9 -9 -9 -9 -9 -9 -9
-9 -9 -9 -9 -9 -9 -9 -9
-9 -9 -9 -9 -9 -9 -9 -9
-9 -9 -9 -9 -9 -9 -9 10
7 84 0 1 1 1 1 1
1 1 1 1 1 1 1 1
1 1 0.7 3.6 name
25 0 52 1 1 0 1
-9 3 128 1 0 1 40 25
0 -9 0 1 6 27 84 0
0 0 0 1 5 12 -9 13
180 75 210 104 128 70 0 0
3 1 13 9 -9 -9 -9 -9
-9 -9 -9 5 2 -9 -9 7
16 84 2 1 1 2 1 1
1 2 1 1 1 1 1 1
1 1 0.89 7.6 name
26 0 69 1 1 1 1
-9 4 130 1 0 0 0 0
1 1 0 1 3 7 85 0
0 1 0 0 5 5.5 -9 5
129 73 220 90 130 78 0 0
1 2 12 11 -9 -9 -9 0.67
0 -9 -9 6 2 -9 -9 2
28 85 2 1 2 1 1 1
2 2 2 1 1 1 1 1
1 1 0.71 5.6 name
27 0 51 1 1 1 1
-9 4 -9 1 0 1 40 30
1 1 1 1 -9 -9 -9 -9
-9 -9 -9 -9 -9 -9 -9 -9
-9 -9 -9 -9 -9 -9 -9 -9
-9 -9 -9 -9 -9 -9 -9 -9
-9 -9 -9 -9 -9 -9 -9 1
18 85 2 1 1 1 2 2
1 1 1 2 1 1 1 1
1 1 -9 -9. name
28 0 60 1 1 1 1
-9 4 130 0 186 0 30 15
1 1 0 1 12 28 83 0
0 1 1 0 1 4 3 5
140 78 154 100 130 80 1 0
0.5 2 11 11 -9 -9 -9 -9
-9 -9 -9 5 2 -9 -9 12
21 83 1 1 2 1 1 1
1 1 1 1 1 1 1 1
1 1 0.57 5 name
29 0 56 1 1 1 1
-9 4 120 1 100 0 0 0
0 -9 1 0 1 16 85 0
0 1 1 0 1 6 2 6
120 65 150 90 120 90 1 0
1.5 2 17 17 0 -9 -9 -9
-9 -9 -9 7 2 -9 -9 1
23 85 1 1 1 1 1 2
1 1 1 1 1 1 1 1
1 1 0.68 6.4 name
30 0 55 1 1 0 1
-9 3 -9 1 228 0 40 30
0 -9 0 1 -9 -9 -9 -9
-9 -9 -9 -9 -9 -9 -9 -9
-9 -9 -9 -9 -9 -9 -9 -9
-9 -9 -9 -9 -9 -9 -9 -9
-9 -9 -9 -9 -9 -9 -9 9
21 84 3 1 1 2 1 2
1 1 1 1 2 1 1 2
7 2 0.6 -9. name
31 0 54 1 1 1 1
-9 4 -9 0 0 1 20 40
0 -9 1 1 -9 -9 -9 -9
-9 -9 -9 -9 -9 -9 -9 -9
-9 -9 -9 -9 -9 -9 -9 -9
-9 -9 -9 -9 -9 -9 -9 -9
-9 -9 -9 -9 -9 -9 -9 3
4 85 3 1 1 2 2 2
1 1 1 2 1 1 1 1
7 2 0.4 -9. name
32 0 77 1 1 1 1
-9 4 124 1 171 0 0 0
0 -9 0 1 11 23 84 0
0 1 1 -9 5 4 -9 4
110 65 110 60 124 60 1 1
2 1 11 11 -9 -9 -9 -9
-9 -9 -9 -9 -9 -9 -9 11
26 84 3 1 1 2 2 1
1 2 1 2 2 1 1 1
5 3 0.57 -9. name
33 0 63 1 1 1 1
-9 4 160 1 230 0 60 5
1 1 0 0 7 18 84 0
1 0 1 0 5 7 -9 6
105 52 170 70 160 80 1 0
1 2 12 10 -9 -9 -9 -9
-9 -9 -9 -9 -9 -9 -9 7
25 84 3 1 2 1 2 2
1 1 1 2 1 1 1 1
1 1 0.85 6.4 name
34 0 55 1 1 0 1
-9 3 0 0 0 1 40 30
0 -9 1 0 6 18 84 0
0 0 0 -9 5 10.5 -9 8
155 68 150 90 0 0 0 0
1.5 2 16 17 -9 -9 -9 -9
-9 -9 -9 -9 1 -9 -9 10
30 84 3 1 1 2 2 1
1 2 1 2 1 1 1 1
1 1 0.75 -9. name
35 0 52 1 1 0 1
-9 3 122 1 0 1 30 20
0 -9 1 0 8 26 86 0
1 1 1 1 5 8.5 -9 8.5
110 49 190 105 122 88 1 0
2 3 20 18 -9 -9 -9 -9
-9 -9 -9 5 2 -9 -9 9
4 86 2 1 1 1 2 2
1 1 1 2 1 1 1 1
1 4 0.32 5.3 name
36 0 64 1 1 1 1
-9 4 144 1 0 1 40 40
0 -9 0 1 7 30 86 0
1 0 1 0 5 7 -9 7
122 63 190 70 144 95 1 0
1 2 14 16 -9 -9 -9 -9
-9 -9 -9 -9 -9 -9 -9 8
5 86 3 1 1 2 1 2
1 1 1 1 2 1 1 1
1 1 0.66 4.7 name
37 0 60 1 1 1 1
-9 4 -9 0 281 1 45 47
0 -9 0 1 -9 -9 -9 -9
-9 -9 -9 -9 -9 -9 -9 -9
-9 -9 -9 -9 -9 -9 -9 -9
-9 -9 -9 -9 -9 -9 -9 -9
-9 -9 -9 -9 -9 -9 -9 2
21 85 2 1 2 1 1 1
1 2 1 1 1 1 1 1
1 2 0.54 4.2 name
38 0 60 1 1 1 1
-9 4 120 0 0 1 40 40
0 -9 1 0 10 24 84 0
0 1 1 0 5 6 6 6
133 64 180 90 120 72 1 0
2 1 20 20 -9 -9 -9 -9
-9 -9 -9 7 2 -9 -9 11
8 84 0 1 1 1 2 1
1 1 1 1 1 1 1 1
1 1 0.79 5.8 name
39 0 58 1 1 1 1
-9 4 -9 1 203 1 20 40
1 -9 1 0 -9 -9 -9 -9
-9 -9 -9 -9 -9 -9 -9 -9
-9 -9 -9 -9 -9 -9 -9 -9
-9 -9 -9 -9 -9 -9 -9 -9
-9 -9 -9 -9 -9 -9 -9 12
19 84 1 1 2 2 2 1
1 1 1 1 1 1 1 1
1 1 0.73 8.2 name
40 0 59 1 1 1 1
-9 4 154 1 0 1 30 30
0 -9 1 1 3 8 85 0
0 1 0 1 5 5 5 5
131 65 190 104 154 90 1 0
1.5 -9 15 18 0 -9 -9 -9
-9 -9 -9 -9 0 0 0 4
1 85 0 1 1 1 1 1
1 1 1 1 1 1 1 1
1 1 0.74 6 name
41 0 61 1 1 0 1
-9 3 120 1 0 1 20 30
0 1 0 0 11 5 84 0
1 1 1 0 4 4 4 3
80 56 140 90 120 70 1 0
0 2 12 15 -9 -9 -9 -9
-9 -9 -9 -9 -9 -9 -9 11
26 84 3 1 1 2 1 2
1 2 1 1 2 1 1 1
1 1 0.87 -9. name
42 0 40 1 1 1 1
-9 4 125 1 0 1 80 5
1 -9 1 0 5 27 86 0
0 0 0 0 5 9 -9 9
165 56 180 90 125 85 0 0
0 -9 17 17 -9 -9 -9 -9
-9 -9 -9 7 -9 -9 -9 5
30 86 1 1 1 1 2 1
1 1 1 2 2 1 1 1
7 1 0.7 -9. name
43 0 61 1 1 1 1
-9 4 -9 0 0 -9 10 14
1 -9 1 1 10 12 84 -9
-9 -9 -9 -9 5 5 -9 5
86 65 -9 -9 -9 -9 0 0
1.5 2 16 18 -9 -9 -9 -9
-9 -9 -9 7 1 -9 -9 10
23 84 3 1 2 2 1 2
1 1 1 2 2 1 1 1
1 1 0.86 -9. name
44 0 41 1 1 1 1
-9 4 104 0 0 1 20 20
0 -9 1 1 6 29 84 0
0 1 0 0 5 2.3 -9 2
111 72 120 80 104 64 0 0
0 -9 12 14 -9 -9 -9 -9
-9 -9 -9 1 0 -9 -9 8
6 84 0 1 1 1 1 1
1 1 1 1 1 1 1 1
1 1 0.75 -9. name
45 0 57 1 1 1 1
-9 4 -9 0 277 1 40 25
1 -9 1 1 -9 -9 -9 -9
-9 -9 -9 -9 -9 -9 -9 -9
-9 -9 -9 -9 -9 -9 -9 -9
-9 -9 -9 -9 -9 -9 -9 -9
-9 -9 -9 -9 -9 -9 -9 3
28 85 4 2 1 1 1 2
1 1 1 2 1 1 1 1
1 1 0.78 5.2 name
46 0 63 1 1 1 1
-9 4 136 1 0 1 20 30
0 -9 1 0 5 22 85 0
1 1 1 1 5 6 -9 6
84 59 160 70 136 82 1 0
0 -9 17 18 -9 -9 -9 -9
-9 -9 -9 7 1 -9 -9 9
20 85 2 1 1 1 1 2
1 2 1 2 2 1 1 1
1 1 0.79 6 name
47 0 59 1 1 1 1
-9 4 122 1 233 1 40 23
0 -9 1 0 6 27 84 0
0 1 1 0 5 7 -9 7
117 66 160 94 122 80 1 0
1.3 3 20 17 -9 -9 -9 -9
-9 -9 -9 -9 -9 -9 -9 7
10 84 1 1 1 1 1 1
1 2 1 1 1 1 1 1
1 1 0.72 -9. name
48 0 51 1 1 1 1
-9 4 128 -9 0 1 40 40
0 0 0 0 1 16 85 0
1 0 0 0 5 3 -9 3
107 93 130 76 128 80 0 0
0 -9 11 11 -9 -9 -9 -9
-9 -9 -9 -9 -9 -9 -9 1
17 85 0 1 1 1 1 1
1 1 1 1 1 1 1 1
1 1 0.62 6.1 name
49 0 59 1 1 0 1
-9 3 -9 0 0 1 20 20
0 -9 0 0 4 26 84 0
0 1 0 0 5 5 4.5 5
128 73 120 80 -9 -9 1 0
2 3 27 23 -9 -9 -9 -9
-9 -9 -9 -9 -9 -9 -9 6
20 84 2 1 2 2 1 2
1 1 1 1 1 1 1 1
1 1 0.67 -9. name
50 0 42 1 1 0 1
-9 3 134 0 240 1 60 30
-9 -9 1 0 3 7 86 0
0 0 0 0 5 9.3 -9 9
160 74 100 72 134 60 0 0
0 -9 11 6 -9 -9 -9 -9
-9 -9 -9 -9 -9 -9 -9 3
17 86 0 1 1 1 1 1
1 1 1 1 1 1 1 1
1 1 0.66 8 name
51 0 55 1 1 0 1
-9 3 120 1 0 0 -9 -9
0 1 0 1 6 22 86 1
0 0 0 0 5 8 -9 8
125 82 180 70 120 70 1 0
2.5 2 14 13 -9 -9 -9 0.33
2 -9 -9 7 -9 -9 -9 6
23 86 1 1 1 1 1 2
1 1 1 1 1 1 1 1
1 1 0.6 3.9 name
52 0 63 0 1 0 1
-9 2 -9 0 0 1 20 54
0 -9 1 0 -9 -9 -9 -9
-9 -9 -9 -9 -9 -9 -9 -9
-9 -9 -9 -9 -9 -9 -9 -9
-9 -9 -9 -9 -9 -9 -9 -9
-9 -9 -9 -9 -9 -9 -9 3
1 85 0 1 1 1 1 1
1 1 1 1 1 1 1 1
1 1 0.4 -9. name
53 0 62 1 1 1 1
-9 4 152 1 153 0 0 0
0 1 0 1 4 23 85 0
1 0 0 1 5 4.7 -9 4
97 62 170 84 152 80 1 0
1.6 1 29 29 -9 -9 -9 -9
-9 -9 -9 7 2 -9 -9 4
12 85 2 1 2 1 2 2
1 1 1 1 1 1 1 1
1 1 0.77 -9. name
54 0 56 1 1 0 0
-9 2 124 1 224 0 0 0
1 -9 1 0 1 16 85 0
0 1 0 0 5 11 -9 10
161 65 208 88 124 74 0 0
2 2 19 24 -9 -9 -9 -9
-9 -9 -9 -9 -9 -9 -9 1
18 85 0 1 1 1 1 1
1 1 1 1 1 1 1 1
1 1 0.78 8.1 name
55 0 53 1 1 1 1
-9 4 126 1 0 0 60 7
0 -9 1 0 7 20 84 0
1 1 0 1 5 4 -9 4
106 66 145 90 126 88 0 0
0 -9 20 11 -9 -9 -9 -9
-9 -9 -9 -9 -9 -9 -9 7
25 84 1 1 1 2 1 1
1 1 1 1 1 1 1 1
1 1 0.73 5.7 name
56 0 68 1 1 1 1
-9 4 138 1 0 1 60 10
0 -9 -9 0 4 14 86 0
0 1 0 0 5 5 2 5
130 70 130 80 138 92 1 0
3 2 13 13 -9 -9 -9 -9
-9 -9 -9 -9 -9 -9 -9 5
6 86 2 1 1 1 2 2
1 2 1 2 1 1 1 1
1 1 0.71 9.9 name
57 0 53 1 1 1 1
-9 4 154 0 0 0 20 -9
-9 -9 -9 1 4 22 86 0
0 0 1 0 5 8 -9 8
140 65 130 84 154 80 1 1
1.5 2 8 8 -9 -9 -9 -9
-9 -9 -9 -9 -9 -9 -9 7
29 86 2 1 2 1 1 1
1 1 1 2 2 1 1 1
1 1 0.57 3.8 name
58 0 60 1 1 0 1
-9 3 -9 0 316 1 40 40
1 -9 0 1 -9 -9 -9 -9
-9 -9 -9 -9 -9 -9 -9 -9
-9 -9 -9 -9 -9 -9 -9 -9
-9 -9 -9 -9 -9 -9 -9 -9
-9 -9 -9 -9 -9 -9 -9 3
31 86 3 1 2 1 1 2
2 2 2 1 2 1 1 3
5 3 0.47 7.2 name
59 0 62 1 1 0 0
-9 2 -9 0 0 0 65 15
0 -9 0 0 -9 -9 -9 -9
-9 -9 -9 -9 -9 -9 -9 -9
-9 -9 -9 -9 -9 -9 -9 -9
-9 -9 -9 -9 -9 -9 -9 -9
-9 -9 -9 -9 -9 -9 -9 4
2 86 0 1 1 1 1 1
1 1 1 1 1 1 1 1
1 1 0.84 6.5 name
60 0 59 1 1 1 1
-9 4 178 1 0 0 30 30
1 1 0 2 5 29 85 0
0 0 0 0 4 4.8 4.8 4
120 65 182 82 178 90 1 0
0 -9 18 15 -9 -9 -9 0.5
-9 -9 -9 7 -9 -9 -9 6
19 85 1 1 2 1 1 1
1 1 1 1 1 1 1 1
1 1 0.74 -9. name
61 0 51 1 1 1 1
-9 4 -9 0 218 0 0 0
1 -9 1 2 -9 -9 -9 -9
-9 -9 -9 -9 -9 -9 -9 -9
-9 -9 -9 -9 -9 -9 -9 -9
-9 -9 -9 -9 -9 -9 -9 -9
-9 -9 -9 -9 -9 -9 -9 6
23 86 0 1 1 1 1 1
1 1 1 1 1 1 1 1
1 1 0.73 -9. name
62 0 61 1 1 1 1
-9 4 110 0 0 1 -9 -9
-9 -9 0 0 5 12 86 0
0 0 0 0 5 7 -9 8
108 76 200 80 110 70 1 0
2 3 -9 -9 -9 -9 -9 -9
-9 -9 -9 -9 -9 -9 -9 6
17 86 2 1 1 1 1 2
1 1 2 2 2 1 1 1
1 1 0.72 4.8 name
63 0 57 1 1 1 1
-9 4 130 0 311 1 20 40
-9 -9 1 1 5 16 86 0
0 0 0 0 5 6 6 6
148 72 190 80 130 80 1 0
2 2 17 18 -9 -9 -9 -9
-9 -9 -9 -9 -9 -9 -9 7
11 86 1 1 1 2 1 1
1 1 1 1 1 1 1 1
1 1 -9 -9. name
64 0 56 1 1 0 0
-9 3 170 1 0 1 20 2
0 -9 -9 2 8 20 84 0
1 1 0 0 5 4 4 4
123 59 190 110 170 90 1 0
2.5 -9 21 17 -9 -9 -9 0.59
0 -9 -9 -9 -9 -9 -9 8
23 84 4 2 1 2 2 2
1 1 1 2 1 1 1 1
1 1 0.75 -9. name
65 0 58 1 1 1 0
-9 2 126 0 0 0 10 30
1 -9 1 0 5 14 86 0
0 0 0 0 5 6 6 6
110 62 150 80 126 80 1 0
2 2 19 15 -9 -9 -9 -9
0 0.6 1 -9 -9 -9 -9 7
16 86 2 1 1 2 1 1
1 1 1 2 1 1 1 1
1 1 0.8 5.5 name
66 0 69 1 1 0 1
-9 3 140 0 0 0 0 0
-9 0 -9 1 3 20 83 -9
-9 -9 -9 -9 1 7.5 7.5 10
118 59 168 84 140 84 0 0
2.5 3 20 18 -9 -9 -9 -9
-9 -9 -9 -9 -9 -9 -9 5
3 83 2 1 2 1 2 1
1 1 1 2 1 1 1 1
1 2 0.6 -9. name
67 0 67 1 0 0 0
-9 1 142 0 270 0 -9 -9
1 -9 0 0 2 28 86 0
0 0 0 0 5 4 3 4
125 75 140 78 142 82 0 0
2.5 1 -9 -9 -9 -9 -9 -9
2 0.5 -9 -9 -9 -9 -9 3
3 86 3 1 2 1 1 2
1 1 1 2 1 1 1 1
5 2 0.48 -9. name
68 0 58 1 1 1 1
-9 4 120 0 0 0 20 10
0 -9 0 2 6 1 84 0
0 1 0 0 5 5 5 5
106 68 162 90 120 74 1 0
1.5 3 17 15 -9 -9 -9 -9
-9 -9 -9 7 -9 -9 -9 6
4 84 1 1 1 2 2 1
1 1 1 1 1 1 1 1
1 1 0.75 -9. name
69 0 65 1 1 1 1
-9 4 -9 1 0 0 30 30
0 -9 0 0 -9 -9 -9 -9
-9 -9 -9 -9 -9 -9 -9 -9
-9 -9 -9 -9 -9 -9 -9 -9
-9 -9 -9 -9 -9 -9 -9 -9
-9 -9 -9 -9 -9 -9 -9 10
12 84 1 1 2 1 1 1
1 1 1 1 1 1 1 3
5 1 -9 -9. name
70 0 63 1 1 0 0
-9 2 -9 0 217 0 0 0
1 -9 0 1 -9 -9 -9 -9
-9 -9 -9 -9 -9 -9 -9 -9
-9 -9 -9 -9 -9 -9 -9 -9
-9 -9 -9 -9 -9 -9 -9 -9
-9 -9 -9 -9 -9 -9 -9 8
29 85 1 1 2 1 1 1
1 1 1 1 1 1 1 1
1 1 -9 5.7 name
71 0 55 1 1 0 0
-9 2 110 0 214 0 0 0
1 1 0 1 7 16 86 1
0 1 1 0 5 4 -9 4
180 139 140 66 110 78 0 0
-9 -9 13 8 -9 -9 -9 0.22
3 -9 -9 -9 -9 -9 -9 7
17 86 0 1 1 1 1 1
1 1 1 1 1 1 1 1
1 4 0.22 4.6 name
72 0 57 1 1 1 1
-9 4 140 -9 214 0 -9 -9
0 -9 1 1 1 3 85 -9
-9 1 1 -9 5 5 -9 5
144 82 140 80 140 78 1 0
2 2 10 6 -9 -9 -9 -9
-9 -9 -9 6 -9 -9 -9 3
5 85 2 1 2 1 2 1
1 1 1 2 1 1 1 1
1 1 0.78 -9. name
73 0 65 1 0 0 0
-9 1 -9 1 252 0 -9 -9
0 -9 1 0 -9 -9 -9 -9
-9 -9 -9 -9 -9 -9 -9 -9
-9 -9 -9 -9 -9 -9 -9 -9
-9 -9 -9 -9 -9 -9 -9 0.64
1 -9 -9 -9 -9 -9 -9 5
22 86 0 1 1 1 1 1
1 1 1 1 1 1 1 1
1 1 0.83 7 name
74 0 54 1 1 1 1
-9 4 136 0 220 1 30 20
0 -9 0 0 10 27 86 0
1 0 0 0 5 6 6 6
140 68 142 94 136 92 1 0
3 2 19 22 -9 -9 -9 -9
-9 -9 -9 -9 -9 -9 -9 11
13 86 3 1 1 2 1 2
1 1 1 2 1 1 1 1
7 1 0.58 6.4 name
75 0 72 1 1 0 1
-9 3 120 1 214 0 20 42
0 -9 1 0 5 22 84 0
1 1 0 0 5 9 -9 6
102 58 190 96 120 80 1 0
1 2 21 20 -9 -9 -9 -9
-9 -9 -9 -9 -9 -9 -9 11
20 86 3 1 2 1 1 2
1 1 1 2 1 1 1 1
1 1 0.76 3.8 name
76 0 75 1 1 1 1
-9 4 170 1 203 0 0 0
1 1 1 1 9 19 86 0
1 1 1 1 5 6.5 -9 6
108 55 180 90 170 80 0 0
0 -9 26 30 -9 -9 -9 0.8
0 -9 -9 7 3 -9 -9 10
9 86 1 1 1 1 1 1
1 1 1 1 2 1 1 1
1 1 0.8 3.3 name
77 0 49 1 0 0 0
-9 1 130 0 0 1 40 25
0 -9 0 1 11 18 86 0
0 0 0 0 5 10 -9 10
145 75 180 100 130 90 0 0
3 2 14 16 -9 -9 -9 -9
-9 -9 -9 -9 -9 -9 -9 11
26 86 2 1 2 1 1 1
1 1 1 2 1 1 1 1
7 1 0.57 -9. name
78 0 51 1 1 0 -9
-9 3 -9 1 339 1 60 30
0 -9 1 0 11 17 86 -9
-9 -9 -9 -9 -9 -9 -9 -9
-9 -9 -9 -9 -9 -9 -9 -9
-9 -9 -9 -9 -9 -9 -9 -9
-9 -9 -9 -9 -9 -9 -9 11
25 86 3 1 1 2 1 2
1 1 1 2 1 1 1 1
1 1 0.8 10.2 name
79 0 60 1 1 1 1
-9 4 142 1 216 0 0 0
0 -9 1 0 10 3 86 0
1 1 0 1 5 7 -9 6
110 70 178 76 142 80 1 0
2.5 2 15 25 -9 -9 -9 -9
-9 -9 -9 -9 -9 -9 -9 10
8 86 2 1 1 1 1 2
1 2 1 2 1 1 1 1
7 1 0.63 -9. name
80 0 64 0 1 1 1
-9 4 142 1 276 1 20 20
0 -9 -9 0 8 20 86 0
0 0 0 0 5 8 7 8
140 66 130 60 142 85 1 1
1 2 13 8 -9 -9 -9 0.45
1 -9 -9 7 -9 -9 -9 8
29 86 1 1 2 1 1 1
1 1 1 1 1 1 1 1
1 1 0.55 3.6 name
81 0 58 1 1 1 1
-9 4 132 1 458 1 40 40
1 1 1 0 10 8 86 0
1 1 1 1 5 3 -9 3
69 57 134 70 132 84 0 0
1 3 14 16 -9 -9 -9 -9
-9 -9 -9 -9 -9 -9 -9 11
3 86 0 1 1 1 1 1
1 1 1 1 1 1 1 1
1 1 0.86 5 name
82 0 61 1 1 1 1
-9 4 146 0 241 0 30 30
0 -9 0 0 10 31 86 0
0 0 0 0 5 7.5 7 7
148 74 136 90 146 94 1 1
3 3 15 17 -9 -9 -9 -9
-9 -9 -9 -9 -9 -9 -9 11
21 86 2 1 1 1 1 2
1 1 1 2 2 1 1 1
7 1 0.55 6 name
83 0 67 1 1 1 1
-9 4 160 0 384 0 20 15
1 1 0 1 4 14 86 0
0 1 0 0 5 5.5 -9 5
130 78 200 90 160 80 1 0
0 2 17 19 -9 -9 -9 -9
-9 -9 -9 -9 -9 -9 -9 10
15 86 2 1 1 1 1 2
1 1 1 2 1 1 1 5
7 2 0.43 3.7 name
84 0 62 1 1 1 1
-9 4 135 0 297 0 40 25
0 -9 1 0 11 20 86 0
0 1 1 0 5 3 -9 3
130 56 110 80 135 80 1 1
1 2 -9 -9 -9 -9 -9 -9
-9 -9 -9 -9 -9 -9 -9 12
4 86 2 1 2 1 1 2
1 1 1 1 1 1 1 1
1 1 0.75 8.7 name
85 0 65 1 1 1 1
-9 4 136 0 248 1 20 30
0 -9 1 0 11 25 86 0
0 1 0 0 5 5 5 4.5
140 84 180 78 136 78 1 0
4 3 28 20 -9 -9 -9 -9
-9 -9 -9 -9 -9 -9 -9 12
10 86 4 2 1 1 1 2
1 1 1 2 1 1 1 1
7 1 0.64 7.5 name
86 0 63 1 1 1 1
-9 4 130 0 308 1 20 25
0 -9 0 0 10 4 85 0
0 0 0 0 5 9.5 -9 8
138 70 165 80 130 60 1 0
2 2 11 9 -9 -9 -9 -9
-9 -9 -9 -9 -9 -9 -9 12
5 86 2 1 1 1 1 1
2 1 1 2 1 1 1 1
1 1 0.65 4.8 name
87 0 69 1 1 1 1
-9 4 140 0 208 0 10 5
0 -9 0 1 3 18 86 0
0 1 0 1 5 6.75 0 6
140 66 160 80 140 80 1 0
2 -9 13 16 -9 -9 -9 -9
-9 -9 -9 -9 -9 -9 -9 6
24 86 3 1 2 1 1 2
1 1 1 2 1 1 1 1
1 1 0.62 -9. name
88 0 51 1 1 1 1
-9 4 -9 0 227 0 20 20
1 1 0 1 -9 -9 -9 -9
-9 -9 -9 -9 -9 -9 -9 -9
-9 -9 -9 -9 -9 -9 -9 -9
-9 -9 -9 -9 -9 -9 -9 0.61
0 -9 -9 -9 -9 -9 -9 11
10 86 0 1 1 1 1 1
1 1 1 1 1 1 1 1
1 1 -9 -9. name
89 0 62 1 1 1 1
-9 4 158 1 210 0 0 0
1 -9 0 0 3 21 85 0
1 0 0 1 5 4 -9 4
112 76 164 90 158 80 1 0
3 3 25 21 -9 -9 -9 -9
-9 -9 -9 -9 -9 -9 -9 5
1 85 1 1 1 1 1 1
1 1 1 2 2 1 1 1
1 1 0.78 5.2 name
90 0 55 1 1 0 -9
-9 3 -9 1 245 1 30 18
1 1 0 1 10 9 86 -9
-9 -9 -9 -9 -9 -9 -9 -9
-9 -9 -9 -9 -9 -9 -9 -9
-9 -9 -9 -9 -9 -9 -9 -9
-9 -9 -9 -9 -9 -9 -9 1
20 87 1 1 1 1 1 1
1 1 1 2 1 1 1 1
1 1 0.52 5.7 name
91 0 75 1 1 1 1
-9 4 136 1 225 0 0 0
0 -9 1 0 10 15 86 0
1 1 0 0 5 6 -9 6
112 58 170 86 136 88 1 0
3 2 36 36 -9 -9 -9 -9
-9 -9 -9 -9 -9 -9 -9 11
6 86 3 1 2 1 2 2
1 1 1 1 2 1 1 3
5 2 0.62 4.6 name
92 0 40 1 1 0 1
-9 3 106 0 240 1 30 25
0 -9 1 0 11 13 86 0
0 1 0 0 5 6 -9 6
80 74 136 80 106 80 1 0
0 -9 19 17 -9 -9 -9 0.45
1 -9 -9 7 1 -9 -9 12
2 86 0 1 1 1 1 1
1 1 1 1 1 1 1 1
1 1 0.7 7.8 name
93 0 67 1 1 1 1
-9 4 120 1 0 0 20 40
1 -9 1 0 5 -9 86 0
0 0 1 0 5 7 -9 10
150 77 170 90 120 70 0 0
1.5 3 16 16 -9 -9 -9 -9
-9 -9 -9 -9 -9 -9 -9 11
12 86 3 1 1 2 1 1
1 1 2 2 1 1 1 1
1 1 0.83 -9. name
94 0 58 1 1 1 1
-9 4 110 0 198 1 15 40
0 -9 0 0 4 21 86 0
0 1 0 0 5 4.75 -9 5
110 58 170 100 110 70 0 0
0 -9 6 9 -9 -9 -9 -9
-9 -9 -9 -9 -9 -9 -9 4
22 86 1 1 1 1 1 2
1 1 1 1 1 1 1 1
1 1 0.8 4.9 name
95 0 60 1 1 1 1
-9 4 -9 1 195 0 20 7
0 -9 0 0 -9 -9 -9 -9
-9 -9 -9 -9 -9 -9 -9 -9
-9 -9 -9 -9 -9 -9 -9 -9
-9 -9 -9 -9 -9 -9 -9 -9
-9 -9 -9 -9 -9 -9 -9 7
3 86 0 1 1 1 1 1
1 1 1 1 1 1 1 1
1 1 0.8 9 name
96 0 63 1 1 1 1
-9 4 160 1 267 0 5 32
1 -9 1 1 4 27 86 0
1 1 1 0 1 3 -9 3
88 60 -9 -9 160 90 1 0
2 -9 -9 -9 -9 -9 -9 -9
-9 -9 -9 -9 -9 -9 -9 5
1 86 3 1 2 1 1 1
1 1 2 1 2 1 1 1
1 1 0.8 4.3 name
97 0 35 1 1 0 1
-9 3 -9 0 161 1 4 20
0 -9 -9 1 -9 -9 -9 -9
-9 -9 -9 -9 -9 -9 -9 -9
-9 -9 -9 -9 -9 -9 -9 -9
-9 -9 -9 -9 -9 -9 -9 -9
-9 -9 -9 -9 -9 -9 -9 12
3 86 0 1 1 1 1 1
1 1 1 1 1 1 1 1
1 1 0.82 8 name
98 0 62 1 0 0 0
-9 1 112 1 258 0 20 20
0 -9 1 1 6 3 86 1
0 1 0 1 5 6.5 -9 6
150 95 110 70 112 70 1 0
-9 -9 10 7 -9 -9 -9 -9
-9 -9 -9 -9 -9 -9 -9 7
11 86 1 1 2 1 1 1
1 1 1 1 1 1 2 5
6 4 0.22 -9. name
99 0 43 1 1 1 1
-9 4 122 0 0 1 40 25
0 -9 0 0 4 2 86 0
0 1 0 0 5 8 -9 8
120 70 132 84 122 78 0 0
0.5 1 15 13 -9 -9 -9 -9
-9 -9 -9 -9 -9 -9 -9 4
10 86 1 1 1 1 1 2
1 1 1 1 1 1 1 1
7 1 0.64 -9. name
100 0 63 1 1 0 -9
-9 3 130 1 0 1 40 40
1 1 1 1 3 7 86 1
0 0 1 1 5 6 -9 6
160 70 180 98 130 86 0 0
3 2 31 25 -9 -9 -9 -9
-9 -9 -9 -9 -9 -9 -9 4
2 86 0 1 1 1 1 1
1 1 1 1 1 1 1 1
1 1 0.6 10 name
101 0 68 1 1 0 1
-9 3 150 1 195 0 0 0
1 1 1 0 1 4 85 0
0 0 0 0 1 8 0 5.8
132 75 198 90 150 78 0 0
0 0 10 12 -9 -9 -9 0.64
1 -9 -9 6 -9 -9 -9 6
4 86 1 1 1 1 2 2
1 1 1 1 1 1 1 1
1 1 0.83 -9. name
102 0 65 1 1 1 1
-9 4 150 1 235 1 20 40
0 -9 1 0 9 7 84 0
0 1 0 1 5 7 -9 6
120 73 176 80 150 84 1 0
1.5 2 10 10 -9 -9 -9 -9
-9 -9 -9 -9 -9 -9 -9 8
30 84 3 1 1 2 1 1
1 2 2 2 1 1 1 1
1 1 0.6 -9. name
103 0 48 1 1 0 1
-9 3 102 0 0 1 10 20
-9 1 0 1 2 29 84 1
1 1 1 0 6 12 8 6
110 95 150 100 102 70 1 0
1 3 13 17 -9 -9 -9 -9
-9 -9 -9 -9 -9 -9 -9 3
9 84 1 1 1 1 1 2
1 1 1 1 1 1 2 1
1 1 0.57 5.9 name
104 0 63 1 1 1 1
-9 4 96 0 305 1 15 40
0 -9 1 1 1 24 86 0
0 0 0 0 5 8 -9 8
121 66 138 80 96 70 1 0
1 1 16 14 -9 -9 -9 -9
-9 -9 -9 -9 -9 -9 -9 2
21 86 1 1 1 1 1 1
1 1 1 2 1 1 1 1
7 0 0.5 6.9 name
105 0 64 1 1 1 1
-9 4 130 0 223 1 40 25
0 -9 0 1 7 11 86 0
0 1 0 0 5 6.3 6 6
128 60 160 80 130 72 0 0
0.5 2 10 11 -9 -9 -9 -9
-9 -9 -9 -9 -9 -9 -9 7
15 86 0 1 1 1 1 1
1 1 1 1 1 1 1 1
1 1 0.69 6.3 name
106 0 61 1 1 1 1
-9 4 120 1 282 0 0 0
0 -9 0 1 7 23 85 0
0 1 0 0 5 5.5 -9 6
135 67 140 80 120 80 1 0
4 3 19 20 -9 -9 -9 0.36
2 -9 -9 6 3 -9 -9 11
7 85 3 1 2 1 1 1
1 2 1 2 2 1 1 1
1 1 0.82 4.3 name
107 0 50 1 1 1 1
-9 4 144 0 349 0 20 15
0 -9 1 2 7 10 86 0
0 0 1 0 5 10.3 -9 11
120 77 162 78 144 98 1 0
1 1 8 6 -9 -9 -9 0.6
0 -9 -9 7 2 -9 -9 7
17 86 1 1 1 1 1 1
1 1 1 2 1 1 1 1
7 1 0.71 6 name
108 0 59 1 1 1 1
-9 4 124 0 -9 1 20 20
0 -9 0 0 -9 -9 -9 0
1 0 0 0 1 4 -9 4
117 60 -9 -9 124 80 1 0
1 2 -9 -9 -9 -9 -9 -9
-9 -9 -9 -9 -9 -9 -9 11
14 86 1 1 2 1 1 1
1 1 1 1 1 1 1 1
5 1 0.8 3.7 name
109 0 55 1 1 1 1
-9 4 150 1 160 0 20 37
0 -9 0 1 7 23 83 0
0 1 0 1 1 6.8 -9 7
150 50 200 110 150 100 0 0
0 -9 -9 -9 -9 -9 -9 -9
-9 -9 -9 -9 -9 -9 -9 8
30 83 0 1 1 1 1 1
1 1 1 1 1 1 1 1
1 1 0.74 8.4 name
110 0 45 1 1 0 1
-9 3 -9 0 236 1 20 20
0 -9 0 0 -9 -9 -9 -9
-9 -9 -9 -9 -9 -9 -9 -9
-9 -9 -9 -9 -9 -9 -9 -9
-9 -9 -9 -9 -9 -9 -9 -9
-9 -9 -9 -9 -9 -9 -9 5
19 83 0 1 1 1 1 1
1 1 1 1 1 1 1 1
1 1 0.77 5.7 name
111 0 65 1 1 1 1
-9 4 -9 1 312 1 -9 50
0 1 1 2 -9 -9 -9 -9
-9 -9 -9 -9 -9 -9 -9 -9
-9 -9 -9 -9 -9 -9 -9 -9
-9 -9 -9 -9 -9 -9 -9 -9
-9 -9 -9 -9 -9 -9 -9 2
1 83 3 1 2 1 1 2
2 1 1 2 1 1 1 1
7 1 0.83 6.4 name
112 0 61 1 1 0 0
-9 2 -9 1 283 0 0 0
0 -9 0 0 -9 -9 -9 -9
-9 -9 -9 -9 -9 -9 -9 -9
-9 -9 -9 -9 -9 -9 -9 -9
-9 -9 -9 -9 -9 -9 -9 -9
-9 -9 -9 -9 -9 -9 -9 5
4 83 0 1 1 1 1 1
1 1 1 1 1 1 1 1
1 1 0.77 -9. name
113 0 49 1 1 0 0
-9 3 -9 0 142 1 50 30
0 -9 1 0 -9 -9 -9 -9
-9 -9 -9 -9 -9 -9 -9 -9
-9 -9 -9 -9 -9 -9 -9 -9
-9 -9 -9 -9 -9 -9 -9 -9
-9 -9 0 -9 -9 -9 -9 2
25 83 3 1 2 1 2 2
1 2 1 1 2 1 1 1
2 1 0.59 3.4 name
114 0 72 1 1 1 1
-9 4 -9 0 211 0 0 0
0 -9 0 0 -9 -9 -9 -9
-9 -9 -9 -9 -9 -9 -9 -9
-9 -9 -9 -9 -9 -9 -9 -9
-9 -9 -9 -9 -9 -9 -9 -9
-9 -9 -9 -9 -9 -9 -9 3
22 83 1 1 1 1 1 1
1 1 1 2 1 1 1 1
1 1 0.8 7.2 name
115 0 50 1 1 1 1
-9 4 -9 0 218 0 20 3
0 -9 1 0 -9 -9 -9 -9
-9 -9 -9 -9 -9 -9 -9 -9
-9 -9 -9 -9 -9 -9 -9 -9
-9 -9 -9 -9 -9 -9 -9 -9
-9 -9 -9 -9 -9 -9 -9 2
22 83 1 1 2 1 1 1
1 1 1 1 1 1 1 1
1 1 0.72 5.6 name
117 0 64 1 1 1 1
-9 4 -9 0 306 0 20 25
1 -9 1 1 -9 -9 -9 -9
-9 -9 -9 -9 -9 -9 -9 -9
-9 -9 -9 -9 -9 -9 -9 -9
-9 -9 -9 -9 -9 -9 -9 -9
-9 -9 -9 -9 -9 -9 -9 1
13 83 3 1 2 1 1 2
1 1 1 2 1 1 1 1
1 1 0.85 5.7 name
119 0 55 1 1 1 1
-9 4 116 0 186 0 20 20
1 1 1 1 4 17 86 0
1 0 0 0 5 4 -9 4
102 63 136 70 116 80 0 1
0 -9 -9 -9 -9 -9 -9 -9
-9 -9 -9 -9 -9 -9 -9 4
18 86 2 1 2 1 1 1
1 2 1 1 1 1 2 3
4 3 0.4 3.8 name
120 0 63 1 1 1 1
-9 4 110 1 252 1 40 50
0 -9 0 1 3 17 86 0
0 0 0 1 5 2 -9 2
140 94 130 80 110 80 1 0
2 2 19 21 -9 -9 -9 -9
-9 -9 -9 -9 -9 -9 -9 4
9 86 2 1 2 1 1 1
1 1 1 2 1 1 1 2
7 1 0.4 -9. name
121 0 59 1 0 1 1
-9 4 125 0 222 1 30 40
0 -9 0 0 4 19 85 0
0 0 1 0 5 6 -9 5
135 83 150 80 125 80 1 0
2.5 3 15 15 -9 -9 -9 -9
-9 -9 -9 -9 -9 -9 -9 5
1 86 3 1 2 1 1 2
1 1 1 2 1 1 1 1
7 2 0.41 4.8 name
122 0 56 1 1 1 1
-9 4 -9 0 0 1 20 35
0 -9 0 2 -9 -9 -9 -9
-9 -9 -9 -9 -9 -9 -9 -9
-9 -9 -9 -9 -9 -9 -9 -9
-9 -9 -9 -9 -9 -9 -9 -9
-9 -9 -9 -9 -9 -9 -9 3
28 86 1 1 1 1 1 2
1 2 1 1 1 1 1 1
1 1 0.84 -9. name
124 0 62 1 1 0 1
-9 3 -9 1 0 1 60 20
1 1 0 1 -9 -9 -9 -9
-9 -9 -9 -9 -9 -9 -9 -9
-9 -9 -9 -9 -9 -9 -9 -9
-9 -9 -9 -9 -9 -9 -9 -9
-9 -9 -9 -9 -9 -9 -9 12
11 86 2 1 1 1 1 2
1 1 1 2 1 1 1 5
7 2 0.44 5.5 name
125 0 74 1 1 1 1
-9 4 150 1 258 0 20 10
1 -9 0 1 12 9 86 0
0 0 0 1 5 6.7 -9 6
130 84 124 60 150 82 1 1
4 3 20 12 -9 -9 -9 -9
-9 -9 -9 -9 -9 -9 -9 12
16 86 3 1 2 1 1 2
1 1 1 2 1 1 10 1
1 5 0.5 5 name
126 0 54 1 1 1 1
-9 4 130 0 202 0 0 0
1 1 0 0 12 3 86 0
0 1 1 0 1 8.1 -9 8
112 80 -9 -9 130 70 1 0
2 2 -9 -9 -9 -9 -9 -9
-9 -9 -9 -9 -9 -9 -9 12
15 86 1 1 2 1 1 1
1 1 1 1 1 1 1 1
1 1 0.54 -9. name
127 0 57 1 1 1 1
-9 4 110 0 197 0 30 40
0 -9 1 2 8 1 83 1
0 0 0 0 1 7 -9 8
100 77 150 100 110 70 0 0
0 -9 18 17 -9 -9 -9 -9
-9 -9 -9 -9 -9 -9 -9 8
3 83 0 1 1 1 1 1
1 1 1 1 1 1 1 1
1 1 0.84 9.6 name
128 0 62 1 1 1 0
-9 3 -9 1 204 0 15 5
0 -9 1 1 -9 -9 -9 -9
-9 -9 -9 -9 -9 -9 -9 -9
-9 -9 -9 -9 -9 -9 -9 -9
-9 -9 -9 -9 -9 -9 -9 -9
-9 -9 -9 -9 -9 -9 -9 12
10 86 1 1 1 1 1 1
1 1 1 2 1 -9 -9 -9
-9 -9 -9 -9. name
129 0 76 1 1 0 -9
-9 3 104 1 -9 -9 -9 -9
0 -9 0 2 12 16 86 0
0 0 0 0 5 8 -9 4
120 70 160 76 104 58 0 0
3.5 3 19 17 -9 -9 -9 -9
-9 -9 -9 -9 -9 -9 -9 1
9 87 4 2 1 1 2 1
1 1 1 2 1 1 1 1
7 1 0.53 -9. name
130 0 54 0 1 1 1
-9 4 138 1 274 0 0 0
0 -9 0 0 12 2 86 0
1 1 0 0 5 7.5 -9 7
105 63 135 84 138 84 1 0
1.5 2 11 11 -9 -9 -9 -9
-9 -9 -9 -9 -9 -9 -9 1
16 87 1 1 1 1 1 1
1 2 1 1 1 1 1 1
1 1 0.6 -9. name
131 0 70 1 1 1 1
-9 4 170 1 192 1 20 40
0 -9 1 1 1 7 87 0
1 1 0 1 5 10 -9 7
129 52 190 100 170 94 1 0
3 3 17 17 -9 -9 -9 -9
-9 -9 -9 -9 -9 -9 -9 1
13 87 2 1 2 1 1 1
2 1 2 1 1 1 1 1
1 1 -9 -9. name
132 0 61 0 1 0 0
-9 2 140 0 298 1 10 50
1 1 1 0 1 12 83 0
0 1 0 0 1 6 -9 6
120 64 170 104 140 90 1 0
0 -9 10 7 -9 -9 -9 -9
-9 -9 -9 7 -9 -9 -9 4
5 83 0 1 1 1 1 1
1 1 1 1 1 1 1 1
1 1 0.81 6.9 name
133 0 48 1 1 1 1
-9 4 -9 1 272 0 20 25
0 -9 1 1 -9 -9 -9 -9
-9 -9 -9 -9 -9 -9 -9 -9
-9 -9 -9 -9 -9 -9 -9 -9
-9 -9 -9 -9 -9 -9 -9 -9
-9 -9 -9 -9 -9 -9 -9 9
19 83 0 1 1 1 1 1
1 1 1 1 1 1 1 1
1 1 -9 -9. name
134 0 48 1 1 0 1
-9 3 132 1 220 1 7 30
1 -9 1 1 4 6 83 0
0 1 1 0 1 10 -9 11
162 68 182 92 132 78 0 0
0 -9 7 8 -9 -9 -9 -9
-9 -9 -9 6 -9 -9 -9 4
13 83 1 1 1 1 1 2
1 1 1 1 1 1 1 1
1 1 0.73 6.9 name
135 0 61 1 0 0 0
-9 1 142 1 200 1 20 40
1 1 0 1 4 19 83 1
1 0 0 0 6 7.5 7.5 9
100 61 166 11 142 74 0 0
1.5 3 15 14 -9 -9 -9 -9
-9 -9 -9 -9 -9 -9 -9 4
20 83 3 1 2 1 1 2
1 1 1 2 1 1 1 2
7 3 0.41 -9. name
136 0 66 1 0 1 1
-9 4 112 0 261 0 30 30
0 -9 0 0 12 17 86 0
0 0 0 0 5 3 3 3
140 78 190 92 112 80 0 0
1.5 1 12 11 -9 -9 -9 -9
-9 -9 -9 -9 -9 -9 -9 1
13 87 1 1 1 1 1 2
1 1 1 1 1 1 1 1
1 1 -9 -9. name
137 0 68 1 0 0 0
-9 1 -9 1 181 1 20 40
1 1 1 1 -9 -9 -9 -9
-9 -9 -9 -9 -9 -9 -9 -9
-9 -9 -9 -9 -9 -9 -9 -9
-9 -9 -9 -9 -9 -9 -9 0.72
0 -9 0 1 0 -9 -9 4
8 86 0 1 1 1 1 1
1 1 1 1 1 1 1 1
1 1 -9 -9. name
138 0 55 1 1 1 1
-9 4 172 0 260 0 20 30
0 -9 0 0 1 6 87 0
0 1 0 0 5 8 -9 8
73 56 126 80 172 98 0 0
2 -9 10 8 -9 -9 -9 0.59
0 -9 -9 1 0 -9 -9 1
7 87 3 1 2 1 2 2
1 2 1 2 1 1 1 1
1 1 -9 -9. name
139 0 62 1 1 0 1
-9 3 120 0 220 0 40 30
0 -9 0 2 7 25 84 0
1 1 0 0 5 2 -9 2
86 62 160 90 120 90 0 0
0 -9 16 20 -9 -9 -9 -9
-9 -9 -9 -9 -9 -9 -9 7
27 84 0 1 1 1 1 1
1 1 1 1 1 1 1 1
1 1 -9 -9. name
140 0 71 1 1 0 1
-9 3 -9 1 221 0 20 20
0 -9 -9 0 -9 -9 -9 -9
-9 -9 -9 -9 -9 -9 -9 -9
-9 -9 -9 -9 -9 -9 -9 -9
-9 -9 -9 -9 -9 -9 -9 -9
-9 -9 -9 -9 -9 -9 -9 6
25 86 3 1 2 1 1 1
1 2 1 2 1 1 1 1
1 1 0.7 -9. name
141 0 74 1 0 0 0
-9 1 -9 1 216 1 40 60
1 -9 0 0 -9 -9 -9 -9
-9 -9 -9 -9 -9 -9 -9 -9
-9 -9 -9 -9 -9 -9 -9 -9
-9 -9 -9 -9 -9 -9 -9 -9
-9 -9 -9 -9 -9 -9 -9 3
20 86 3 1 2 1 1 1
2 2 1 2 2 1 1 1
1 1 0.65 -9. name
142 0 53 1 1 0 1
-9 3 155 1 175 0 0 0
1 1 0 1 6 13 86 0
0 0 0 0 5 8 -9 8
160 90 200 100 155 100 0 0
-9 -9 30 30 -9 -9 -9 0.4
2 -9 -9 6 -9 -9 -9 6
24 86 0 1 1 1 1 1
1 1 1 1 1 1 3 5
7 1 0.4 4.2 name
143 0 58 1 1 0 0
-9 3 150 1 219 1 20 35
0 -9 1 1 9 1 82 1
1 1 1 0 1 1.5 -9 2
118 70 150 100 150 100 1 0
0 -9 2 4 -9 -9 -9 -9
-9 -9 -9 -9 -9 -9 -9 9
7 82 2 1 1 1 1 2
1 2 1 2 1 1 1 1
1 1 0.71 4.8 name
144 0 75 1 1 1 1
-9 4 160 1 310 0 20 30
1 0 0 0 6 2 86 0
1 0 0 0 5 6.5 -9 6.9
112 54 180 80 160 90 1 0
2 3 19 20 -9 -9 -9 0.62
0 -9 -9 7 -9 -9 -9 6
6 86 0 162 1 1 2 1
1 1 1 1 1 1 1 1
1 1 -9 -9. name
145 0 56 1 1 0 1
-9 3 -9 1 208 1 40 30
1 -9 0 1 -9 -9 -9 -9
-9 -9 -9 -9 -9 -9 -9 -9
-9 -9 -9 -9 -9 -9 -9 -9
-9 -9 -9 -9 -9 -9 -9 -9
-9 -9 -9 -9 -9 -9 -9 2
22 83 4 2 1 1 1 1
1 1 1 1 1 1 1 1
1 1 0.58 5.6 name
146 0 58 1 1 0 1
-9 3 -9 1 232 1 20 30
0 -9 0 1 -9 -9 -9 -9
-9 -9 -9 -9 -9 -9 -9 -9
-9 -9 -9 -9 -9 -9 -9 -9
-9 -9 -9 -9 -9 -9 -9 -9
-9 -9 -9 -9 -9 -9 -9 1
25 83 2 1 2 1 1 2
1 1 1 1 1 1 1 1
4 1 0.43 6 name
147 0 64 1 1 1 1
-9 4 134 0 273 1 -9 -9
0 -9 0 0 2 9 83 1
0 1 0 0 1 1.5 1.5 2
102 62 140 90 134 100 1 0
4 3 13 10 -9 -9 -9 -9
-9 -9 -9 -9 -9 -9 -9 2
10 83 4 2 1 1 1 1
1 1 1 1 1 1 1 1
1 1 0.88 -9. name
148 0 54 1 1 0 0
-9 3 -9 0 203 1 40 40
0 -9 0 1 -9 -9 -9 -9
-9 -9 -9 -9 -9 -9 -9 -9
-9 -9 -9 -9 -9 -9 -9 -9
-9 -9 -9 -9 -9 -9 -9 0.3
2 -9 -9 -9 -9 -9 -9 1
15 83 0 1 1 1 1 1
1 1 1 1 1 1 1 1
1 1 0.59 -9. name
149 0 54 1 0 0 0
-9 2 -9 0 182 0 0 0
0 -9 0 1 -9 -9 -9 -9
-9 -9 -9 -9 -9 -9 -9 -9
-9 -9 -9 -9 -9 -9 -9 -9
-9 -9 -9 -9 -9 -9 -9 -9
-9 -9 -9 -9 -9 -9 -9 1
17 83 0 1 1 1 1 1
1 1 1 1 1 1 1 1
1 1 0.53 -9. name
150 0 59 1 1 1 1
-9 4 140 0 274 0 0 0
0 -9 0 0 1 10 83 0
0 0 0 1 1 6.5 4.5 6
154 64 160 100 140 80 1 0
2 2 20 24 -9 -9 -9 -9
-9 -9 -9 -9 -9 -9 -9 1
21 83 0 1 1 1 1 1
1 1 1 1 1 1 1 1
1 1 0.72 8.4 name
151 0 55 1 1 1 1
-9 4 -9 0 204 0 10 10
1 -9 1 1 -9 -9 -9 -9
-9 -9 -9 -9 -9 -9 -9 -9
-9 -9 -9 -9 -9 -9 -9 -9
-9 -9 -9 -9 -9 -9 -9 0.38
2 -9 -9 -9 -9 -9 -9 5
6 83 1 1 2 1 2 1
1 1 1 1 1 1 1 1
1 1 0.53 6.4 name
152 0 57 1 1 1 1
-9 4 144 1 270 1 30 41
1 -9 1 1 4 26 83 1
0 0 0 1 1 5.5 -9 6.5
160 90 174 116 144 94 1 0
2 2 10 7 -9 -9 -9 -9
-9 -9 -9 -9 -9 -9 -9 5
3 83 3 1 2 1 2 2
1 1 1 2 1 1 1 1
7 1 0.66 -9. name
153 0 61 1 1 1 1
-9 4 -9 1 292 0 20 40
0 -9 1 1 -9 -9 -9 -9
-9 -9 -9 -9 -9 -9 -9 -9
-9 -9 -9 -9 -9 -9 -9 -9
-9 -9 -9 -9 -9 -9 -9 -9
-9 -9 -9 -9 -9 -9 -9 4
22 83 3 1 2 1 1 2
1 2 1 2 1 1 1 1
1 1 0.87 4.6 name
154 0 41 1 1 1 1
-9 4 150 0 171 1 40 20
0 -9 1 0 7 25 86 -9
-9 -9 -9 -9 1 3 -9 4
128 64 150 100 150 100 1 0
1.5 2 10 16 -9 -9 -9 -9
-9 -9 -9 -9 -9 -9 -9 2
13 87 0 1 1 1 1 1
1 1 1 1 1 1 1 1
1 1 0.71 -9. name
155 0 71 1 1 1 1
-9 4 130 0 221 1 60 50
0 -9 1 1 8 9 83 0
0 1 0 1 1 3 -9 5
115 72 160 100 130 80 1 0
0 -9 11 10 -9 -9 -9 0.48
2 -9 -9 -9 -9 -9 -9 9
30 83 3 1 2 1 1 1
1 2 1 2 1 1 1 1
1 1 0.72 6 name
156 0 38 1 1 1 1
-9 4 110 0 289 1 20 20
0 -9 0 0 9 9 83 0
1 1 0 0 1 4.5 4.5 6
105 58 130 90 110 70 1 0
1.5 3 15 14 -9 -9 -9 -9
-9 -9 -9 -9 -9 -9 -9 9
13 83 1 1 2 2 1 1
1 1 1 1 1 1 1 1
1 1 0.7 -9. name
157 0 55 1 1 1 1
-9 4 158 1 217 0 20 40
0 -9 1 0 6 28 83 0
1 1 0 0 1 6 4.5 7
110 70 158 80 158 90 1 0
2.5 2 17 17 -9 -9 -9 -9
-9 -9 -9 -9 -9 -9 -9 6
29 83 1 1 1 2 1 1
1 1 1 1 1 1 1 1
1 1 0.83 -9. name
158 0 56 1 1 1 0
-9 4 128 0 223 1 20 35
0 -9 1 1 4 11 83 1
0 0 1 0 1 6.5 6 6.5
119 88 158 104 128 84 1 0
2 3 11 11 -9 -9 -9 -9
-9 -9 -9 -9 -9 -9 -9 6
16 83 2 1 2 1 1 1
1 1 1 2 1 1 1 1
1 1 0.82 7.2 name
159 0 69 1 1 1 1
-9 4 -9 1 -9 0 20 20
1 1 0 0 -9 -9 -9 -9
-9 -9 -9 -9 -9 -9 -9 -9
-9 -9 -9 -9 -9 -9 -9 -9
-9 -9 -9 -9 -9 -9 -9 -9
-9 -9 -9 -9 -9 -9 -9 6
8 83 2 1 1 2 1 2
1 1 1 1 1 1 1 1
1 1 -9 -9. name
161 0 64 1 1 1 1
-9 4 150 1 193 1 30 40
0 -9 0 1 5 13 83 0
0 1 0 0 1 6 -9 7
135 74 160 104 150 100 1 0
0.5 2 12 11 -9 -9 -9 -9
-9 -9 -9 -9 -9 -9 -9 6
7 83 2 1 2 1 2 1
1 1 1 2 1 1 1 1
7 1 0.61 7.1 name
162 0 72 1 1 1 1
-9 4 160 0 -9 0 0 0
1 -9 1 2 6 14 83 -9
-9 -9 -9 -9 1 3 -9 4
130 86 210 100 160 90 0 0
1.5 -9 -9 -9 -9 -9 -9 -9
-9 -9 -9 -9 -9 -9 -9 6
26 83 2 1 1 2 1 1
1 1 1 1 2 1 1 1
1 1 0.62 4.3 name
163 0 69 1 1 1 1
-9 4 -9 1 210 1 20 50
1 -9 0 1 -9 -9 -9 -9
-9 -9 -9 -9 -9 -9 -9 -9
-9 -9 -9 -9 -9 -9 -9 -9
-9 -9 -9 -9 -9 -9 -9 -9
-9 -9 -9 -9 -9 -9 -9 7
8 83 2 1 2 1 1 1
1 2 1 1 1 1 1 2
7 1 0.48 3.4 name
164 0 56 1 1 1 1
-9 4 -9 1 282 1 20 40
1 -9 1 0 -9 -9 -9 -9
-9 -9 -9 -9 -9 -9 -9 -9
-9 -9 -9 -9 -9 -9 -9 -9
-9 -9 -9 -9 -9 -9 -9 -9
-9 -9 -9 -9 -9 -9 -9 9
29 83 1 1 1 2 1 1
1 1 1 1 1 1 1 1
1 1 0.79 5.1 name
165 0 62 1 1 1 1
-9 4 -9 0 170 0 40 25
0 -9 0 1 2 3 83 -9
-9 -9 -9 -9 1 4 -9 4
120 -9 -9 -9 -9 -9 1 0
3 -9 -9 -9 -9 -9 -9 -9
-9 -9 -9 -9 -9 -9 -9 7
19 83 4 2 1 1 1 1
1 1 1 2 1 1 1 1
1 1 0.82 4.8 name
166 0 67 1 1 1 1
-9 4 -9 1 369 1 20 45
0 -9 1 0 -9 -9 -9 -9
-9 -9 -9 -9 -9 -9 -9 -9
-9 -9 -9 -9 -9 -9 -9 -9
-9 -9 -9 -9 -9 -9 -9 -9
-9 -9 -9 -9 -9 -9 -9 7
7 83 3 1 2 1 1 1
1 2 1 2 1 1 1 1
1 1 0.8 -9. name
167 0 57 1 1 1 1
-9 4 156 1 173 1 20 30
0 -9 0 2 6 27 83 0
1 1 0 1 1 3.1 1.5 4
119 70 158 90 156 90 1 0
3 3 27 26 -9 -9 -9 -9
-9 -9 -9 -9 -9 -9 -9 7
12 83 3 1 2 1 1 2
1 1 1 2 1 1 1 5
7 1 0.73 -9. name
168 0 69 1 1 1 1
-9 4 -9 1 289 1 20 50
1 -9 1 1 -9 -9 -9 -9
-9 -9 -9 -9 -9 -9 9 -9
-9 -9 -9 -9 -9 -9 -9 -9
-9 -9 -9 -9 -9 -9 -9 -9
-9 -9 -9 -9 -9 -9 -9 6
29 83 3 1 2 2 1 1
1 2 1 2 1 1 1 1
1 1 0.69 5 name
169 0 51 1 0 1 1
-9 4 -9 1 -9 1 20 35
1 -9 1 2 -9 -9 -9 -9
-9 -9 -9 -9 -9 -9 -9 -9
-9 -9 -9 -9 -9 -9 -9 -9
-9 -9 -9 -9 -9 -9 -9 0.56
0 -9 -9 7 2 -9 -9 7
16 80 1 1 1 1 1 1
1 1 1 2 1 1 1 1
1 1 -9 -9. name
170 0 48 1 1 1 1
-9 4 140 0 -9 0 0 0
0 -9 0 0 1 21 83 0
0 0 0 0 1 9 -9 10
159 66 184 110 140 92 1 0
1.5 1 13 14 -9 -9 -9 -9
-9 -9 -9 -9 -9 -9 -9 7
22 83 3 1 2 2 2 1
1 2 1 2 1 1 1 1
5 1 0.69 7.6 name
171 0 69 1 1 1 1
-9 4 122 0 216 1 20 50
1 -9 0 2 11 22 83 0
1 1 0 0 1 4.6 -9 6
84 37 128 64 122 64 1 0
0 -9 18 17 -9 -9 -9 -9
-9 -9 -9 7 2 -9 -9 11
23 83 2 1 1 1 1 2
1 1 1 2 1 1 1 1
7 1 0.74 -9. name
172 0 69 1 1 0 0
-9 3 -9 0 271 1 20 30
0 -9 1 2 -9 -9 -9 -9
-9 -9 -9 -9 -9 -9 -9 -9
-9 -9 -9 -9 -9 -9 -9 -9
-9 -9 -9 -9 -9 -9 -9 -9
-9 -9 -9 -9 -9 -9 -9 6
21 83 0 1 1 1 1 1
1 1 1 1 1 1 1 1
1 1 -9 -9. name
173 0 64 1 1 1 1
-9 4 -9 1 244 0 0 0
1 1 1 1 -9 -9 -9 -9
-9 -9 -9 -9 -9 -9 -9 -9
-9 -9 -9 -9 -9 -9 -9 -9
-9 -9 -9 -9 -9 -9 -9 -9
-9 -9 -9 -9 -9 -9 -9 12
29 83 2 1 1 1 1 2
1 1 1 2 1 1 1 1
7 1 -9 -9. name
174 0 57 1 0 1 0
-9 2 180 1 285 1 40 40
1 1 1 1 2 18 82 0
0 0 0 0 1 4.5 -9 5
120 72 -9 -9 180 80 0 0
0.8 -9 -9 -9 -9 -9 -9 -9
-9 -9 -9 -9 -9 -9 -9 5
18 82 1 1 1 1 1 1
1 1 1 2 1 1 1 1
1 1 -9 -9. name
175 0 53 1 1 1 1
-9 4 124 0 243 0 0 0
0 -9 0 0 6 8 83 0
0 0 0 0 1 9 7.5 10
122 82 158 104 124 70 1 0
2 2 26 29 -9 -9 -9 -9
-9 -9 -9 7 2 -9 -9 7
13 83 1 1 2 1 1 1
1 1 1 1 1 1 1 1
1 1 0.72 5 name
176 0 37 1 1 0 0
-9 3 118 1 240 0 -9 -9
0 0 1 2 12 14 83 0
0 0 0 0 1 12 -9 13
165 63 168 88 118 72 0 0
1 2 25 22 -9 -9 -9 -9
-9 -9 -9 3 0 -9 -9 12
14 83 0 1 1 1 1 1
1 1 1 1 1 1 1 1
1 1 0.71 4.6 name
177 0 67 1 1 1 1
-9 4 140 1 219 1 20 40
0 -9 1 1 11 4 84 0
0 1 0 1 1 3.8 3.8 6
122 60 148 72 140 72 1 0
2 2 10 9 -9 -9 -9 -9
-9 -9 -9 7 3 -9 -9 11
1 83 3 1 2 1 1 2
1 2 1 2 1 1 1 2
7 1 0.63 -9. name
178 0 74 1 1 0 0
-9 3 140 1 237 0 0 0
1 1 0 0 12 9 83 0
1 1 0 0 6 12 -9 6.4
94 78 176 114 140 80 0 0
0 -9 25 25 -9 -9 -9 0.76
2 -9 -9 -9 -9 -9 -9 12
16 83 1 1 1 1 1 1
1 1 1 2 1 1 1 1
7 1 0.58 3.6 name
179 0 63 1 1 0 0
-9 2 -9 0 165 0 0 0
0 -9 0 1 -9 -9 -9 -9
-9 -9 -9 -9 -9 -9 -9 -9
-9 -9 -9 -9 -9 -9 -9 -9
-9 -9 -9 -9 -9 -9 -9 -9
-9 -9 -9 -9 -9 -9 -9 8
15 83 0 1 1 1 1 1
1 1 1 1 1 1 1 1
1 1 0.59 -9. name
180 0 58 1 1 1 1
-9 4 100 1 213 1 40 30
0 -9 0 1 1 20 87 0
1 0 0 1 1 5 -9 5
110 76 138 90 100 70 0 0
0 -9 19 16 -9 -9 -9 -9
-9 -9 -9 -9 -9 -9 -9 3
26 87 0 1 1 1 1 1
1 1 1 1 1 1 1 1
1 2 0.45 5 name
181 0 61 1 1 1 1
-9 4 190 1 287 0 20 30
1 -9 0 2 1 5 87 0
0 0 0 1 5 8.5 -9 8
150 80 210 90 190 100 1 1
2 3 14 10 -9 -9 -9 -9
-9 -9 -9 -9 -9 -9 -9 2
1 1 4 2 1 1 2 1
1 2 -9 -9 -9 -9 -9 -9
-9 -9 -9 -9. name
182 0 64 1 1 1 1
-9 4 130 1 258 0 0 0
1 1 0 2 5 10 86 0
0 1 1 0 5 9 -9 9
130 72 200 80 130 80 0 0
0 -9 9 8 -9 -9 -9 0.6
-9 -9 -9 6 -9 -9 -9 5
16 86 2 1 2 1 1 1
1 1 1 2 1 1 1 1
1 1 0.71 -9. name
183 0 58 1 1 1 1
-9 4 160 1 256 1 20 40
1 -9 0 2 12 7 83 0
0 0 0 1 1 3.2 -9 4
113 75 186 100 160 80 1 0
1 1 17 17 -9 -9 -9 -9
-9 -9 -9 -9 -9 -9 -9 12
14 83 3 1 2 1 1 2
1 1 1 2 1 1 1 1
7 1 0.73 6.2 name
184 0 60 1 1 1 1
-9 4 130 1 186 0 30 15
1 1 0 2 12 22 83 0
0 1 0 0 1 4 -9 5
140 78 150 104 130 80 1 0
0.5 2 12 8 -9 -9 -9 -9
-9 -9 -9 -9 -9 -9 -9 12
23 83 1 1 2 1 1 1
1 1 1 1 1 1 1 1
1 1 0.57 5.2 name
185 0 57 1 1 1 1
-9 4 122 1 264 1 20 30
0 1 0 2 8 3 83 1
0 0 0 1 1 7 -9 8
100 70 150 100 122 80 0 0
0 -9 19 19 -9 -9 -9 -9
-9 -9 -9 -9 -9 -9 -9 8
3 83 1 1 1 1 2 1
1 2 1 1 1 1 1 1
1 1 0.84 7.7 name
186 0 55 1 1 0 1
-9 3 -9 0 -9 1 20 40
0 -9 1 1 -9 -9 -9 -9
-9 -9 -9 -9 -9 -9 -9 -9
-9 -9 -9 -9 -9 -9 -9 -9
-9 -9 -9 -9 -9 -9 -9 -9
-9 -9 -9 -9 -9 -9 -9 3
6 87 0 1 1 1 1 1
1 1 1 1 1 1 1 1
1 1 0.61 4.8 name
187 0 55 1 1 1 1
-9 4 120 0 226 1 20 20
0 1 0 2 10 27 82 0
0 1 0 0 6 4.5 -9 5
127 84 174 112 120 80 1 0
1.7 3 22 22 -9 -9 -9 -9
-9 -9 -9 7 1 -9 -9 10
28 82 1 1 1 1 1 2
1 1 1 1 1 1 1 1
1 -9 0.48 7 name
188 0 56 1 1 1 1
-9 4 130 0 203 1 20 45
1 -9 1 0 3 19 86 1
1 0 0 0 5 9 -9 8
98 58 150 68 130 88 0 0
1.5 2 17 20 -9 -9 -9 0.58
3 -9 -9 7 2 -9 -9 5
7 86 1 1 1 1 1 2
1 1 1 1 1 1 1 1
1 1 -9 -9. name
189 0 57 1 1 1 1
-9 4 130 1 207 0 0 0
0 -9 1 1 5 19 81 1
1 1 0 0 1 7.2 -9 7.5
96 60 176 98 130 74 1 0
1 2 17 20 -9 -9 -9 0.7
-9 -9 -9 -9 -9 -9 -9 -9
6 26 0 0 1 1 1 1
1 1 1 1 1 1 1 1
1 1 0.84 5.1 name
190 0 61 1 1 0 1
-9 3 -9 0 284 1 20 45
0 -9 0 0 -9 -9 -9 -9
-9 -9 -9 -9 -9 -9 -9 -9
-9 -9 -9 -9 -9 -9 -9 -9
-9 -9 -9 -9 -9 -9 -9 -9
-9 -9 -9 -9 -9 -9 -9 -9
9 16 1 1 1 2 1 1
1 1 1 1 1 1 1 1
1 1 0.67 -9. name
191 0 61 1 1 1 0
-9 3 120 0 337 1 20 30
0 -9 0 0 6 13 83 0
0 1 0 0 6 6.3 -9 3.5
98 61 143 100 120 80 1 0
0 -9 7 9 -9 -9 -9 -9
-9 -9 -9 -9 -9 -9 -9 6
17 83 3 1 2 1 1 2
1 1 1 2 1 1 1 1
1 1 0.73 5 name
192 0 58 1 1 0 1
-9 3 150 1 219 1 20 35
0 -9 1 1 9 1 82 1
1 1 1 1 1 1.7 -9 2
118 70 150 100 150 100 1 0
0 -9 21 20 -9 -9 -9 -9
-9 -9 -9 -9 -9 -9 -9 9
7 82 2 1 1 1 1 2
1 2 1 2 1 1 1 1
1 1 0.71 4.8 name
193 0 74 1 1 1 1
-9 4 155 1 310 0 0 0
0 -9 0 0 6 2 86 0
1 0 0 0 5 6 -9 6
112 59 180 80 155 95 1 0
1.5 3 18 20 -9 -9 -9 -9
-9 -9 -9 -9 -9 -9 -9 6
6 86 2 1 1 2 1 2
1 1 1 1 1 1 1 1
1 1 -9 4.3 name
194 0 68 1 1 0 1
-9 3 134 1 254 0 20 45
1 -9 1 0 4 27 83 0
1 1 0 1 1 9 -9 10
151 63 174 110 134 80 1 0
0 -9 9 11 -9 -9 -9 -9
-9 -9 -9 3 0 -9 -9 7
12 83 0 1 1 1 1 1
1 1 1 1 1 1 1 1
1 1 0.62 7.1 name
195 0 51 0 1 1 1
-9 4 114 1 258 0 0 0
1 1 1 2 6 2 83 0
1 0 0 0 1 4 -9 5
96 52 140 96 114 74 0 0
1 1 19 20 -9 -9 -9 -9
-9 -9 -9 -9 -9 -9 -9 6
13 83 0 1 1 1 1 1
1 1 1 1 1 1 1 1
1 1 0.74 8.9 name
196 0 62 1 1 1 1
-9 4 160 1 254 1 40 47
1 -9 1 1 1 28 87 1
0 1 1 1 5 3.5 -9 2.5
108 69 160 90 160 80 1 0
3 2 20 19 -9 -9 -9 -9
-9 -9 -9 -9 -9 -9 -9 2
3 87 4 2 2 1 1 2
1 1 1 2 1 1 1 1
1 1 0.54 7.4 name
197 0 53 1 1 1 1
-9 4 144 1 300 0 20 10
1 -9 1 1 6 14 83 0
0 1 0 0 1 4 3 5
128 76 150 102 144 94 1 0
1.5 2 12 13 -9 -9 -9 -9
-9 -9 -9 -9 -9 -9 -9 7
7 83 3 1 2 1 1 2
1 1 2 2 1 1 1 1
1 1 0.76 7.3 name
198 0 62 1 1 1 1
-9 4 158 1 170 1 20 20
0 -9 1 1 10 31 86 0
22 1 0 1 5 8 -9 8
138 86 202 98 158 90 1 0
0 -9 20 22 -9 -9 -9 -9
-9 -9 -9 -9 -9 -9 -9 1
26 87 1 1 1 1 1 1
1 1 2 1 1 1 1 1
1 1 -9 -9. name
199 0 46 1 1 1 1
-9 4 134 1 310 1 20 21
0 -9 1 0 4 18 83 0
0 0 0 0 1 5.5 -9 7
126 88 174 114 134 90 0 0
0 -9 9 7 -9 -9 -9 -9
-9 -9 -9 3 0 -9 -9 7
28 83 2 1 2 1 1 1
1 2 1 1 1 1 1 1
1 1 0.87 -9. name
200 0 54 0 1 1 1
-9 4 127 0 333 0 0 0
1 -9 1 1 6 6 83 0
1 1 0 0 1 7.5 -9 8
154 83 158 84 127 78 0 0
0 -9 20 20 -9 -9 -9 -9
-9 -9 -9 -9 -9 -9 -9 6
29 83 1 1 1 1 1 2
1 1 1 1 1 1 1 1
1 1 0.76 5.6 name
201 0 62 1 0 0 0
-9 1 -9 0 139 1 15 30
0 -9 0 1 -9 -9 -9 -9
-9 -9 -9 -9 -9 -9 -9 -9
-9 -9 -9 -9 -9 -9 -9 -9
-9 -9 -9 -9 -9 -9 -9 0.41
1 -9 -9 -9 -9 -9 -9 5
26 86 0 1 1 1 1 1
1 1 1 1 1 1 1 1
1 2 0.62 3.5 name
202 0 55 1 1 1 1
-9 4 122 1 223 1 20 40
1 -9 0 1 5 2 86 0
1 1 0 1 5 5.3 -9 5
100 74 210 100 122 70 0 0
0 -9 6 4 -9 -9 -9 0.39
3 -9 -9 6 2 -9 -9 4
17 86 2 1 2 1 1 1
1 1 1 2 1 1 1 1
1 1 0.69 5.6 name
116 0 58 1 1 1 1
-9 4 -9 0 385 0 10 20
1 1 1 2 -9 -9 -9 -9
-9 -9 -9 -9 -9 -9 -9 -9
-9 -9 -9 -9 -9 -9 -9 -9
-9 -9 -9 -9 -9 -9 -9 -9
-9 -9 -9 -9 -9 -9 -9 2
16 83 0 1 1 1 1 1
1 1 1 1 1 1 1 1
1 1 0.81 6 name
160 0 62 1 1 0 0
-9 2 120 1 254 0 0 0
0 -9 0 2 1 24 83 0
1 0 0 0 1 6.7 -9 7
93 67 164 110 120 80 1 0
0 -9 21 17 -9 -9 -9 -9
-9 -9 -9 -9 -9 -9 -9 6
20 83 1 1 1 1 1 1
1 1 1 2 1 1 1 1
1 1 -9 -9. name

